70 2 1
1269 1351 
1495 
1576 1597 
1597 
1372 1474 
1597 
1761 1884 
1843 
1515 1433 
1495 
1372 1331 
1495 
1331 1249 
1290 
1822 1863 
1986 
1495 1474 
1495 
1454 1454 
1495 
1781 1863 
1843 
1679 1761 
1740 
1351 1474 
1597 
1945 1863 
1986 
1863 1802 
1986 
1454 1433 
1597 
1310 1392 
1495 
1454 1515 
1740 
1269 1331 
1290 
1802 1863 
1843 
1474 1638 
1597 
1576 1617 
1597 
1290 1433 
1495 
1331 1249 
1290 
1331 1392 
1495 
1884 1986 
1986 
1372 1433 
1392 
1495 1536 
1495 
1454 1454 
1495 
1556 1617 
1597 
1781 1863 
1843 
1228 1331 
1290 
1515 1454 
1495 
1167 1433 
1392 
1740 1699 
1740 
1556 1679 
1740 
1433 1351 
1392 
1515 1433 
1495 
1986 1925 
1986 
1515 1454 
1495 
1126 1351 
1392 
1515 1454 
1495 
1351 1269 
1290 
1699 1740 
1740 
1433 1495 
1495 
1433 1351 
1392 
1269 1413 
1495 
1290 1433 
1392 
1802 1863 
1843 
1556 1617 
1597 
1372 1433 
1392 
1658 1597 
1740 
1679 1802 
1843 
1392 1433 
1495 
1269 1331 
1290 
1556 1617 
1597 
1740 1699 
1740 
1290 1331 
1290 
1433 1495 
1495 
1781 1863 
1843 
1495 1536 
1495 
1945 1863 
1986 
1372 1433 
1392 
1413 1413 
1392 
1392 1351 
1392 
1884 1904 
1986 
1720 1658 
1740 
1310 1310 
1290 
1781 1863 
1843 
1679 1761 
1740 
