70 2 1
2539 2457 
2990 
2867 2826 
3194 
2744 2867 
3194 
3031 2703 
3194 
2129 3072 
2785 
3686 3563 
3973 
3768 3604 
3973 
2334 2826 
2580 
3072 2826 
3481 
3399 3072 
3194 
2703 2744 
2785 
3031 3194 
3481 
2867 3358 
3481 
2457 2580 
2990 
3727 3604 
3973 
3604 3727 
3686 
2662 2416 
2990 
3563 2908 
3481 
2007 2580 
2580 
2990 2908 
2990 
2375 2744 
3194 
2539 2990 
3194 
3153 2867 
3481 
2826 3194 
2990 
3276 2867 
2990 
3153 3194 
3194 
2621 3276 
2990 
2048 3031 
2785 
3153 3645 
3481 
2334 3072 
2785 
3276 2703 
2990 
3153 3112 
3194 
3194 3522 
3481 
2990 2949 
2990 
3031 2949 
2990 
1884 2867 
2580 
3358 3850 
3686 
2908 3276 
3194 
3194 3399 
3194 
2539 3317 
3194 
2580 3153 
2744 
2785 3194 
2990 
3235 3481 
3481 
2744 3194 
2990 
2457 2949 
2580 
3031 2703 
2990 
2785 3440 
3194 
3399 3481 
3481 
2703 3317 
2990 
2334 2867 
2580 
3317 2621 
2990 
2990 2457 
2744 
3276 3153 
3194 
2007 2908 
2744 
2826 3153 
2990 
3727 3809 
3973 
2088 2826 
2580 
3153 3235 
3194 
3522 3358 
3481 
2990 2949 
2990 
2826 2826 
2785 
3768 3973 
3973 
2785 2703 
2785 
3768 3809 
3973 
3031 2867 
2990 
3440 3317 
3481 
2580 2662 
2580 
2621 2621 
2580 
3563 3727 
3686 
2908 2908 
2990 
