70 2 1
2416 2703 
2785 
2908 3072 
3194 
3399 3481 
3481 
2826 2990 
2990 
2949 3031 
3481 
3031 2867 
2990 
3153 3235 
3194 
3153 3194 
3194 
3031 2867 
2990 
3768 3973 
3973 
3604 3727 
3686 
3399 3481 
3481 
2990 2949 
2990 
3604 3727 
3686 
2703 2539 
2580 
3031 2867 
2990 
3153 3235 
3194 
2621 2867 
2990 
2539 2867 
2785 
2703 2867 
2990 
3727 3604 
3973 
2867 2990 
2990 
2990 2949 
2990 
3604 3727 
3686 
3031 2908 
2990 
3563 3727 
3686 
2990 3276 
3194 
3399 3686 
3686 
2334 2621 
2580 
2539 2949 
2990 
2621 2908 
2990 
2621 2621 
2580 
2744 3235 
3194 
2908 3235 
3481 
2785 3276 
2990 
3604 3727 
3686 
2539 2744 
2580 
2908 2908 
2990 
3112 3235 
3194 
3522 3768 
3686 
3768 3973 
3973 
3153 3194 
3194 
3031 3276 
3481 
3440 3317 
3481 
3031 2867 
2990 
2580 2662 
2580 
2826 3031 
2990 
2457 2662 
2580 
3563 3727 
3686 
2826 2826 
2785 
3358 3522 
3481 
2662 2498 
2580 
3031 2908 
2990 
3112 3235 
3194 
3891 3727 
3973 
2744 2867 
2785 
3031 2908 
2990 
2867 2703 
2785 
3973 3850 
3973 
3522 3768 
3686 
2785 2703 
2785 
2867 2703 
2785 
3153 3235 
3194 
3563 3727 
3686 
2908 2908 
2990 
2662 2949 
2785 
3031 2867 
2990 
3768 3809 
3973 
3440 3276 
3481 
3153 3235 
3194 
